%YAML:1.0
---
M1: !!opencv-matrix
   rows: 3
   cols: 3
   dt: d
   data: [ 5.3392448824490555e+02, 0., 3.2882415473225944e+02, 0.,
       5.2857636791543075e+02, 2.3724236749801486e+02, 0., 0., 1. ]
D1: !!opencv-matrix
   rows: 1
   cols: 14
   dt: d
   data: [ -2.5847772034680772e-01, -1.2969221479589088e-01, 0., 0., 0.,
       0., 0., -4.0469016052501694e-01, 0., 0., 0., 0., 0., 0. ]
M2: !!opencv-matrix
   rows: 3
   cols: 3
   dt: d
   data: [ 5.3392448824490555e+02, 0., 3.1406466878777712e+02, 0.,
       5.2857636791543075e+02, 2.4222537575896260e+02, 0., 0., 1. ]
D2: !!opencv-matrix
   rows: 1
   cols: 14
   dt: d
   data: [ -2.6275800467499466e-01, -1.3243222533386107e-02, 0., 0., 0.,
       0., 0., -1.9692458392892120e-01, 0., 0., 0., 0., 0., 0. ]
